 3907621 2895218 3790542 2949630
 1701067 3075142 2275951 3717327
 3532369 884718 2733699 2000000
 2362427 41763 2999439 -958188
 398408 3688691 2275951 3717327
 1727615 1744968 2733699 2000000
 2778183 3611924 2275951 3717327
 2452818 2533012 2733699 2000000
 88162 2057063 -109096 390805
 2985370 2315046 2733699 2000000
 2758780 3000106 3279264 2775610
 3501114 3193710 3790542 2949630
 313171 1016326 -109096 390805
 3997998 3576392 3691556 3980872
 84142 102550 -109096 390805
 3768533 3985372 3691556 3980872
 2999744 3998031 3691556 3980872
 3380504 2720962 3279264 2775610
 3357940 3730208 3691556 3980872
 1242851 838744 -109096 390805
 3991401 2367688 3790542 2949630
 3292286 2624894 3279264 2775610
 2194423 3990859 2275951 3717327
